{
  "cells": [
    {
      "cell_type": "markdown",
      "metadata": {
        "id": "KqxfIMvh74oI"
      },
      "source": [
        "#Data Preparation"
      ]
    },
    {
      "cell_type": "code",
      "execution_count": 1,
      "metadata": {
        "id": "czplprJ47_fN",
        "colab": {
          "base_uri": "https://localhost:8080/"
        },
        "outputId": "6084e8dc-3c9f-44b2-f4e4-46b71a09ac2d"
      },
      "outputs": [
        {
          "output_type": "stream",
          "name": "stdout",
          "text": [
            "Collecting category_encoders\n",
            "  Downloading category_encoders-2.6.4-py2.py3-none-any.whl.metadata (8.0 kB)\n",
            "Requirement already satisfied: numpy>=1.14.0 in /usr/local/lib/python3.10/dist-packages (from category_encoders) (1.26.4)\n",
            "Requirement already satisfied: scikit-learn>=0.20.0 in /usr/local/lib/python3.10/dist-packages (from category_encoders) (1.5.2)\n",
            "Requirement already satisfied: scipy>=1.0.0 in /usr/local/lib/python3.10/dist-packages (from category_encoders) (1.13.1)\n",
            "Requirement already satisfied: statsmodels>=0.9.0 in /usr/local/lib/python3.10/dist-packages (from category_encoders) (0.14.4)\n",
            "Requirement already satisfied: pandas>=1.0.5 in /usr/local/lib/python3.10/dist-packages (from category_encoders) (2.2.2)\n",
            "Requirement already satisfied: patsy>=0.5.1 in /usr/local/lib/python3.10/dist-packages (from category_encoders) (1.0.1)\n",
            "Requirement already satisfied: python-dateutil>=2.8.2 in /usr/local/lib/python3.10/dist-packages (from pandas>=1.0.5->category_encoders) (2.8.2)\n",
            "Requirement already satisfied: pytz>=2020.1 in /usr/local/lib/python3.10/dist-packages (from pandas>=1.0.5->category_encoders) (2024.2)\n",
            "Requirement already satisfied: tzdata>=2022.7 in /usr/local/lib/python3.10/dist-packages (from pandas>=1.0.5->category_encoders) (2024.2)\n",
            "Requirement already satisfied: joblib>=1.2.0 in /usr/local/lib/python3.10/dist-packages (from scikit-learn>=0.20.0->category_encoders) (1.4.2)\n",
            "Requirement already satisfied: threadpoolctl>=3.1.0 in /usr/local/lib/python3.10/dist-packages (from scikit-learn>=0.20.0->category_encoders) (3.5.0)\n",
            "Requirement already satisfied: packaging>=21.3 in /usr/local/lib/python3.10/dist-packages (from statsmodels>=0.9.0->category_encoders) (24.2)\n",
            "Requirement already satisfied: six>=1.5 in /usr/local/lib/python3.10/dist-packages (from python-dateutil>=2.8.2->pandas>=1.0.5->category_encoders) (1.17.0)\n",
            "Downloading category_encoders-2.6.4-py2.py3-none-any.whl (82 kB)\n",
            "\u001b[2K   \u001b[90m━━━━━━━━━━━━━━━━━━━━━━━━━━━━━━━━━━━━━━━━\u001b[0m \u001b[32m82.0/82.0 kB\u001b[0m \u001b[31m242.3 kB/s\u001b[0m eta \u001b[36m0:00:00\u001b[0m\n",
            "\u001b[?25hInstalling collected packages: category_encoders\n",
            "Successfully installed category_encoders-2.6.4\n"
          ]
        }
      ],
      "source": [
        "# Install the category_encoders library, which provides methods for encoding categorical variables.\n",
        "!pip install category_encoders"
      ]
    },
    {
      "cell_type": "code",
      "execution_count": 13,
      "metadata": {
        "collapsed": true,
        "id": "65C4lDYk8rZ6",
        "colab": {
          "base_uri": "https://localhost:8080/",
          "height": 542
        },
        "outputId": "e3254732-61fa-43d9-98d3-c65890033b95"
      },
      "outputs": [
        {
          "output_type": "display_data",
          "data": {
            "text/html": [
              "<html>\n",
              "<head><meta charset=\"utf-8\" /></head>\n",
              "<body>\n",
              "    <div>            <script src=\"https://cdnjs.cloudflare.com/ajax/libs/mathjax/2.7.5/MathJax.js?config=TeX-AMS-MML_SVG\"></script><script type=\"text/javascript\">if (window.MathJax && window.MathJax.Hub && window.MathJax.Hub.Config) {window.MathJax.Hub.Config({SVG: {font: \"STIX-Web\"}});}</script>                <script type=\"text/javascript\">window.PlotlyConfig = {MathJaxConfig: 'local'};</script>\n",
              "        <script charset=\"utf-8\" src=\"https://cdn.plot.ly/plotly-2.35.2.min.js\"></script>                <div id=\"baba338c-eb49-4116-bcf1-69230714af66\" class=\"plotly-graph-div\" style=\"height:525px; width:100%;\"></div>            <script type=\"text/javascript\">                                    window.PLOTLYENV=window.PLOTLYENV || {};                                    if (document.getElementById(\"baba338c-eb49-4116-bcf1-69230714af66\")) {                    Plotly.newPlot(                        \"baba338c-eb49-4116-bcf1-69230714af66\",                        [{\"colorscale\":[[0.0,\"#0d0887\"],[0.1111111111111111,\"#46039f\"],[0.2222222222222222,\"#7201a8\"],[0.3333333333333333,\"#9c179e\"],[0.4444444444444444,\"#bd3786\"],[0.5555555555555556,\"#d8576b\"],[0.6666666666666666,\"#ed7953\"],[0.7777777777777778,\"#fb9f3a\"],[0.8888888888888888,\"#fdca26\"],[1.0,\"#f0f921\"]],\"reversescale\":false,\"showscale\":true,\"x\":[\"Company\",\"TypeName\",\"Inches\",\"Ram\",\"OS\",\"Weight\",\"Screen\",\"ScreenW\",\"ScreenH\",\"Touchscreen\",\"IPSpanel\",\"RetinaDisplay\",\"CPU_freq\",\"CPU_model\",\"PrimaryStorage\",\"SecondaryStorage\",\"PrimaryStorageType\",\"SecondaryStorageType\",\"GPU_model\",\"CPU_company_Intel\",\"CPU_company_Samsung\",\"GPU_company_ARM\",\"GPU_company_Intel\",\"GPU_company_Nvidia\"],\"y\":[\"Company\",\"TypeName\",\"Inches\",\"Ram\",\"OS\",\"Weight\",\"Screen\",\"ScreenW\",\"ScreenH\",\"Touchscreen\",\"IPSpanel\",\"RetinaDisplay\",\"CPU_freq\",\"CPU_model\",\"PrimaryStorage\",\"SecondaryStorage\",\"PrimaryStorageType\",\"SecondaryStorageType\",\"GPU_model\",\"CPU_company_Intel\",\"CPU_company_Samsung\",\"GPU_company_ARM\",\"GPU_company_Intel\",\"GPU_company_Nvidia\"],\"z\":[[1.0,0.3137371560107285,0.07276366512729408,0.2634789808842583,0.11754679047108087,0.052626861109768934,0.14613672159478683,0.1769262837328856,0.1875213487730218,0.021172922653572367,-0.07539470553050122,0.1489811099831246,0.18095556615745204,0.2980706692276679,-0.08878212193396184,0.2699764942455539,0.19312040008152107,0.2471885512128221,0.3192578902185513,0.10216696293803265,0.010674547877069259,0.010674547877069259,-0.11955958576304172,0.12834686644492097],[0.3137371560107285,1.0,-0.034046004704557466,0.48258211930406203,0.19275895217455485,0.14567536701337994,0.3038761070841127,0.3295912347568317,0.3384922478269731,0.17772834611277882,0.28497384887277105,0.10831845451630111,0.3109916605955858,0.6117014216765522,-0.1912534581160401,0.3245609507701789,0.335166940416921,0.3463264777598078,0.5138974903757889,0.12632391145534555,0.008058741746666296,0.008058741746666296,-0.20591546033912336,0.3824584762243121],[0.07276366512729408,-0.034046004704557466,1.0,0.23339323151098793,-0.07585335873095178,0.8272774370554475,0.07135847616656753,-0.06091644599912178,-0.08702746196940159,-0.37343295607232585,-0.08722661874813016,-0.14431089723037743,0.3063671194425997,0.20444776753640553,0.2632685458199713,0.3858051798109695,0.01431999640642514,0.38836349439121204,0.2930048523675048,-0.11241453774408805,-0.04570026159484289,-0.04570026159484289,-0.5889090138550106,0.4840158336550716],[0.2634789808842583,0.48258211930406203,0.23339323151098793,1.0,0.13376412823541728,0.38735236523884,0.4244558813897358,0.42628051413938584,0.4189703325514818,0.11133875697960806,0.1983019809397823,0.029870613815030478,0.3622393544661334,0.6138367842367689,0.0013131754257067196,0.390074469011977,0.3973267498703065,0.4098948559024706,0.5740195818585816,0.10853127375408952,-0.02117033380318499,-0.02117033380318499,-0.31547959504727136,0.41396024942117615],[0.11754679047108087,0.19275895217455485,-0.07585335873095178,0.13376412823541728,1.0,-0.05135345320338763,0.14457074148891666,0.15030160268789633,0.1480608572850676,0.039969297810984364,0.07552651455015022,0.08499545729437778,0.1495841754287926,0.20381945037820126,-0.15405065761275827,0.03066126308719052,0.23168312504339375,0.03751649667948651,0.1603430643744094,-0.011203594636138976,-0.04704201927974372,-0.04704201927974372,0.0324087219232032,0.006304036833228356],[0.052626861109768934,0.14567536701337994,0.8272774370554475,0.38735236523884,-0.05135345320338763,1.0,0.10097795851361442,-0.014590557033338976,-0.03633805232881697,-0.30641209669185737,0.04149410455061706,-0.1251600937524481,0.3182821242260501,0.32994128926991995,0.17310683676848654,0.48441456988880616,0.034165176653431516,0.5073630629223204,0.4427920243420914,-0.04846483803655896,-0.0319730903666616,-0.0319730903666616,-0.6011644401380976,0.5705030110995092],[0.14613672159478683,0.3038761070841127,0.07135847616656753,0.4244558813897358,0.14457074148891666,0.10097795851361442,1.0,0.8489525647218141,0.8128131716220309,0.21066784958810048,0.26708432734012255,-0.14144069220653033,0.25119226634188474,0.4397245391836206,-0.08991064576503176,0.2171902997726624,0.4348379539841285,0.2049971931738696,0.368420590789269,0.10895857958736098,-0.029970604225146337,-0.029970604225146337,-0.22435094778401035,0.2972465014858129],[0.1769262837328856,0.3295912347568317,-0.06091644599912178,0.42628051413938584,0.15030160268789633,-0.014590557033338976,0.8489525647218141,1.0,0.994618646119824,0.3416036787744264,0.2963623589518666,0.14255121243494104,0.1656042442986444,0.3951327153967232,-0.08049044683948706,0.13961593143705425,0.3714596645419752,0.12441316376994185,0.3355989514662638,0.10420012474919689,0.02369247240181329,0.02369247240181329,-0.11072677115260797,0.18676826928228316],[0.1875213487730218,0.3384922478269731,-0.08702746196940159,0.4189703325514818,0.1480608572850676,-0.03633805232881697,0.8128131716220309,0.994618646119824,1.0,0.34944535752647815,0.3034759830135669,0.20233445368731248,0.14972388435402195,0.3895937507818841,-0.08771657959852948,0.12959123286437574,0.35747572519348547,0.11466699743110662,0.3292933633960483,0.1035095081368723,0.043693541963819665,0.043693541963819665,-0.09695494216027306,0.17148295676458356],[0.021172922653572367,0.17772834611277882,-0.37343295607232585,0.11133875697960806,0.039969297810984364,-0.30641209669185737,0.21066784958810048,0.3416036787744264,0.34944535752647815,1.0,0.14416618712236004,-0.047895073791183074,-0.12698208145028997,0.029622020908085495,-0.03483014643391634,-0.14786350373812202,0.1194250026028196,-0.14583461902137154,0.00398066042406645,0.08120536934399127,0.057287461820657415,0.057287461820657415,0.26067533998702985,-0.17428652429172528],[-0.07539470553050122,0.28497384887277105,-0.08722661874813016,0.1983019809397823,0.07552651455015022,0.04149410455061706,0.26708432734012255,0.2963623589518666,0.3034759830135669,0.14416618712236004,1.0,0.1785776754792849,0.07058963792582622,0.2419484655813508,-0.11173107811604314,0.09989836111912649,0.1782324098486137,0.11560299025452485,0.18473833719068775,0.08450551561102762,0.037839752844402136,0.037839752844402136,-0.06180831754074967,0.14732321796050687],[0.1489811099831246,0.10831845451630111,-0.14431089723037743,0.029870613815030478,0.08499545729437778,-0.1251600937524481,-0.14144069220653033,0.14255121243494104,0.20233445368731248,-0.047895073791183074,0.1785776754792849,1.0,-0.06609859276665253,0.026535669193412555,-0.03108267553304695,-0.04814498450425621,-0.0399117315349706,-0.048239642141645306,0.039785527703993906,0.024120355880673437,-0.0027437872112099737,-0.0027437872112099737,0.05978085546199136,-0.07653108503122706],[0.18095556615745204,0.3109916605955858,0.3063671194425997,0.3622393544661334,0.1495841754287926,0.3182821242260501,0.25119226634188474,0.1656042442986444,0.14972388435402195,-0.12698208145028997,0.07058963792582622,-0.06609859276665253,1.0,0.5557321697732516,0.07479470467233136,0.21171341442923763,0.3065389462771208,0.21509426647294977,0.4732125726271946,-0.12987902519778918,-0.014005974749867534,-0.014005974749867534,-0.35074124407076607,0.3691599702250115],[0.2980706692276679,0.6117014216765522,0.20444776753640553,0.6138367842367689,0.20381945037820126,0.32994128926991995,0.4397245391836206,0.3951327153967232,0.3895937507818841,0.029622020908085495,0.2419484655813508,0.026535669193412555,0.5557321697732516,1.0,-0.0950518926684837,0.4218440860789157,0.40416705778789197,0.42105407350651386,0.6085988515560437,0.08269923479472048,-0.0038041190961944837,-0.0038041190961944837,-0.4227155580289311,0.548414694873094],[-0.08878212193396184,-0.1912534581160401,0.2632685458199713,0.0013131754257067196,-0.15405065761275827,0.17310683676848654,-0.08991064576503176,-0.08049044683948706,-0.08771657959852948,-0.03483014643391634,-0.11173107811604314,-0.03108267553304695,0.07479470467233136,-0.0950518926684837,1.0,-0.2489299532286976,-0.5115621108580778,-0.24276018958095533,-0.0394278299386215,-0.11754952398166107,-0.02742527272700968,-0.02742527272700968,-0.1287929213489562,0.031928654938329595],[0.2699764942455539,0.3245609507701789,0.3858051798109695,0.390074469011977,0.03066126308719052,0.48441456988880616,0.2171902997726624,0.13961593143705425,0.12959123286437574,-0.14786350373812202,0.09989836111912649,-0.04814498450425621,0.21171341442923763,0.4218440860789157,-0.2489299532286976,1.0,0.28662389377425246,0.9048662954794081,0.4199823836376418,0.03997398292843263,-0.010201691277754103,-0.010201691277754103,-0.44861181745951717,0.44563570113984524],[0.19312040008152107,0.335166940416921,0.01431999640642514,0.3973267498703065,0.23168312504339375,0.034165176653431516,0.4348379539841285,0.3714596645419752,0.35747572519348547,0.1194250026028196,0.1782324098486137,-0.0399117315349706,0.3065389462771208,0.40416705778789197,-0.5115621108580778,0.28662389377425246,1.0,0.287096601808986,0.3899048709120456,0.09993860042361331,-0.05281180081169079,-0.05281180081169079,-0.09795136711415292,0.1663861493647963],[0.2471885512128221,0.3463264777598078,0.38836349439121204,0.4098948559024706,0.03751649667948651,0.5073630629223204,0.2049971931738696,0.12441316376994185,0.11466699743110662,-0.14583461902137154,0.11560299025452485,-0.048239642141645306,0.21509426647294977,0.42105407350651386,-0.24276018958095533,0.9048662954794081,0.287096601808986,1.0,0.4270643514481073,0.03958791950791245,-0.010221748777069365,-0.010221748777069365,-0.4227860584553759,0.4478690849608363],[0.3192578902185513,0.5138974903757889,0.2930048523675048,0.5740195818585816,0.1603430643744094,0.4427920243420914,0.368420590789269,0.3355989514662638,0.3292933633960483,0.00398066042406645,0.18473833719068775,0.039785527703993906,0.4732125726271946,0.6085988515560437,-0.0394278299386215,0.4199823836376418,0.3899048709120456,0.4270643514481073,1.0,0.09844348299913863,-0.0032524344104172664,-0.0032524344104172664,-0.2758181513530144,0.4409605421352659],[0.10216696293803265,0.12632391145534555,-0.11241453774408805,0.10853127375408952,-0.011203594636138976,-0.04846483803655896,0.10895857958736098,0.10420012474919689,0.1035095081368723,0.08120536934399127,0.08450551561102762,0.024120355880673437,-0.12987902519778918,0.08269923479472048,-0.11754952398166107,0.03997398292843263,0.09993860042361331,0.03958791950791245,0.09844348299913863,1.0,-0.11375401029669033,-0.11375401029669033,0.23779399225795683,0.14255822521370454],[0.010674547877069259,0.008058741746666296,-0.04570026159484289,-0.02117033380318499,-0.04704201927974372,-0.0319730903666616,-0.029970604225146337,0.02369247240181329,0.043693541963819665,0.057287461820657415,0.037839752844402136,-0.0027437872112099737,-0.014005974749867534,-0.0038041190961944837,-0.02742527272700968,-0.010201691277754103,-0.05281180081169079,-0.010221748777069365,-0.0032524344104172664,-0.11375401029669033,1.0,1.0,-0.027050020243802608,-0.016216569818837658],[0.010674547877069259,0.008058741746666296,-0.04570026159484289,-0.02117033380318499,-0.04704201927974372,-0.0319730903666616,-0.029970604225146337,0.02369247240181329,0.043693541963819665,0.057287461820657415,0.037839752844402136,-0.0027437872112099737,-0.014005974749867534,-0.0038041190961944837,-0.02742527272700968,-0.010201691277754103,-0.05281180081169079,-0.010221748777069365,-0.0032524344104172664,-0.11375401029669033,1.0,1.0,-0.027050020243802608,-0.016216569818837658],[-0.11955958576304172,-0.20591546033912336,-0.5889090138550106,-0.31547959504727136,0.0324087219232032,-0.6011644401380976,-0.22435094778401035,-0.11072677115260797,-0.09695494216027306,0.26067533998702985,-0.06180831754074967,0.05978085546199136,-0.35074124407076607,-0.4227155580289311,-0.1287929213489562,-0.44861181745951717,-0.09795136711415292,-0.4227860584553759,-0.2758181513530144,0.23779399225795683,-0.027050020243802608,-0.027050020243802608,1.0,-0.7544926920415093],[0.12834686644492097,0.3824584762243121,0.4840158336550716,0.41396024942117615,0.006304036833228356,0.5705030110995092,0.2972465014858129,0.18676826928228316,0.17148295676458356,-0.17428652429172528,0.14732321796050687,-0.07653108503122706,0.3691599702250115,0.548414694873094,0.031928654938329595,0.44563570113984524,0.1663861493647963,0.4478690849608363,0.4409605421352659,0.14255822521370454,-0.016216569818837658,-0.016216569818837658,-0.7544926920415093,1.0]],\"type\":\"heatmap\"}],                        {\"annotations\":[{\"font\":{\"color\":\"#000000\"},\"showarrow\":false,\"text\":\"1.0\",\"x\":\"Company\",\"xref\":\"x\",\"y\":\"Company\",\"yref\":\"y\"},{\"font\":{\"color\":\"#000000\"},\"showarrow\":false,\"text\":\"0.31\",\"x\":\"TypeName\",\"xref\":\"x\",\"y\":\"Company\",\"yref\":\"y\"},{\"font\":{\"color\":\"#FFFFFF\"},\"showarrow\":false,\"text\":\"0.07\",\"x\":\"Inches\",\"xref\":\"x\",\"y\":\"Company\",\"yref\":\"y\"},{\"font\":{\"color\":\"#000000\"},\"showarrow\":false,\"text\":\"0.26\",\"x\":\"Ram\",\"xref\":\"x\",\"y\":\"Company\",\"yref\":\"y\"},{\"font\":{\"color\":\"#FFFFFF\"},\"showarrow\":false,\"text\":\"0.12\",\"x\":\"OS\",\"xref\":\"x\",\"y\":\"Company\",\"yref\":\"y\"},{\"font\":{\"color\":\"#FFFFFF\"},\"showarrow\":false,\"text\":\"0.05\",\"x\":\"Weight\",\"xref\":\"x\",\"y\":\"Company\",\"yref\":\"y\"},{\"font\":{\"color\":\"#000000\"},\"showarrow\":false,\"text\":\"0.15\",\"x\":\"Screen\",\"xref\":\"x\",\"y\":\"Company\",\"yref\":\"y\"},{\"font\":{\"color\":\"#000000\"},\"showarrow\":false,\"text\":\"0.18\",\"x\":\"ScreenW\",\"xref\":\"x\",\"y\":\"Company\",\"yref\":\"y\"},{\"font\":{\"color\":\"#000000\"},\"showarrow\":false,\"text\":\"0.19\",\"x\":\"ScreenH\",\"xref\":\"x\",\"y\":\"Company\",\"yref\":\"y\"},{\"font\":{\"color\":\"#FFFFFF\"},\"showarrow\":false,\"text\":\"0.02\",\"x\":\"Touchscreen\",\"xref\":\"x\",\"y\":\"Company\",\"yref\":\"y\"},{\"font\":{\"color\":\"#FFFFFF\"},\"showarrow\":false,\"text\":\"-0.08\",\"x\":\"IPSpanel\",\"xref\":\"x\",\"y\":\"Company\",\"yref\":\"y\"},{\"font\":{\"color\":\"#000000\"},\"showarrow\":false,\"text\":\"0.15\",\"x\":\"RetinaDisplay\",\"xref\":\"x\",\"y\":\"Company\",\"yref\":\"y\"},{\"font\":{\"color\":\"#000000\"},\"showarrow\":false,\"text\":\"0.18\",\"x\":\"CPU_freq\",\"xref\":\"x\",\"y\":\"Company\",\"yref\":\"y\"},{\"font\":{\"color\":\"#000000\"},\"showarrow\":false,\"text\":\"0.3\",\"x\":\"CPU_model\",\"xref\":\"x\",\"y\":\"Company\",\"yref\":\"y\"},{\"font\":{\"color\":\"#FFFFFF\"},\"showarrow\":false,\"text\":\"-0.09\",\"x\":\"PrimaryStorage\",\"xref\":\"x\",\"y\":\"Company\",\"yref\":\"y\"},{\"font\":{\"color\":\"#000000\"},\"showarrow\":false,\"text\":\"0.27\",\"x\":\"SecondaryStorage\",\"xref\":\"x\",\"y\":\"Company\",\"yref\":\"y\"},{\"font\":{\"color\":\"#000000\"},\"showarrow\":false,\"text\":\"0.19\",\"x\":\"PrimaryStorageType\",\"xref\":\"x\",\"y\":\"Company\",\"yref\":\"y\"},{\"font\":{\"color\":\"#000000\"},\"showarrow\":false,\"text\":\"0.25\",\"x\":\"SecondaryStorageType\",\"xref\":\"x\",\"y\":\"Company\",\"yref\":\"y\"},{\"font\":{\"color\":\"#000000\"},\"showarrow\":false,\"text\":\"0.32\",\"x\":\"GPU_model\",\"xref\":\"x\",\"y\":\"Company\",\"yref\":\"y\"},{\"font\":{\"color\":\"#FFFFFF\"},\"showarrow\":false,\"text\":\"0.1\",\"x\":\"CPU_company_Intel\",\"xref\":\"x\",\"y\":\"Company\",\"yref\":\"y\"},{\"font\":{\"color\":\"#FFFFFF\"},\"showarrow\":false,\"text\":\"0.01\",\"x\":\"CPU_company_Samsung\",\"xref\":\"x\",\"y\":\"Company\",\"yref\":\"y\"},{\"font\":{\"color\":\"#FFFFFF\"},\"showarrow\":false,\"text\":\"0.01\",\"x\":\"GPU_company_ARM\",\"xref\":\"x\",\"y\":\"Company\",\"yref\":\"y\"},{\"font\":{\"color\":\"#FFFFFF\"},\"showarrow\":false,\"text\":\"-0.12\",\"x\":\"GPU_company_Intel\",\"xref\":\"x\",\"y\":\"Company\",\"yref\":\"y\"},{\"font\":{\"color\":\"#000000\"},\"showarrow\":false,\"text\":\"0.13\",\"x\":\"GPU_company_Nvidia\",\"xref\":\"x\",\"y\":\"Company\",\"yref\":\"y\"},{\"font\":{\"color\":\"#000000\"},\"showarrow\":false,\"text\":\"0.31\",\"x\":\"Company\",\"xref\":\"x\",\"y\":\"TypeName\",\"yref\":\"y\"},{\"font\":{\"color\":\"#000000\"},\"showarrow\":false,\"text\":\"1.0\",\"x\":\"TypeName\",\"xref\":\"x\",\"y\":\"TypeName\",\"yref\":\"y\"},{\"font\":{\"color\":\"#FFFFFF\"},\"showarrow\":false,\"text\":\"-0.03\",\"x\":\"Inches\",\"xref\":\"x\",\"y\":\"TypeName\",\"yref\":\"y\"},{\"font\":{\"color\":\"#000000\"},\"showarrow\":false,\"text\":\"0.48\",\"x\":\"Ram\",\"xref\":\"x\",\"y\":\"TypeName\",\"yref\":\"y\"},{\"font\":{\"color\":\"#000000\"},\"showarrow\":false,\"text\":\"0.19\",\"x\":\"OS\",\"xref\":\"x\",\"y\":\"TypeName\",\"yref\":\"y\"},{\"font\":{\"color\":\"#000000\"},\"showarrow\":false,\"text\":\"0.15\",\"x\":\"Weight\",\"xref\":\"x\",\"y\":\"TypeName\",\"yref\":\"y\"},{\"font\":{\"color\":\"#000000\"},\"showarrow\":false,\"text\":\"0.3\",\"x\":\"Screen\",\"xref\":\"x\",\"y\":\"TypeName\",\"yref\":\"y\"},{\"font\":{\"color\":\"#000000\"},\"showarrow\":false,\"text\":\"0.33\",\"x\":\"ScreenW\",\"xref\":\"x\",\"y\":\"TypeName\",\"yref\":\"y\"},{\"font\":{\"color\":\"#000000\"},\"showarrow\":false,\"text\":\"0.34\",\"x\":\"ScreenH\",\"xref\":\"x\",\"y\":\"TypeName\",\"yref\":\"y\"},{\"font\":{\"color\":\"#000000\"},\"showarrow\":false,\"text\":\"0.18\",\"x\":\"Touchscreen\",\"xref\":\"x\",\"y\":\"TypeName\",\"yref\":\"y\"},{\"font\":{\"color\":\"#000000\"},\"showarrow\":false,\"text\":\"0.28\",\"x\":\"IPSpanel\",\"xref\":\"x\",\"y\":\"TypeName\",\"yref\":\"y\"},{\"font\":{\"color\":\"#FFFFFF\"},\"showarrow\":false,\"text\":\"0.11\",\"x\":\"RetinaDisplay\",\"xref\":\"x\",\"y\":\"TypeName\",\"yref\":\"y\"},{\"font\":{\"color\":\"#000000\"},\"showarrow\":false,\"text\":\"0.31\",\"x\":\"CPU_freq\",\"xref\":\"x\",\"y\":\"TypeName\",\"yref\":\"y\"},{\"font\":{\"color\":\"#000000\"},\"showarrow\":false,\"text\":\"0.61\",\"x\":\"CPU_model\",\"xref\":\"x\",\"y\":\"TypeName\",\"yref\":\"y\"},{\"font\":{\"color\":\"#FFFFFF\"},\"showarrow\":false,\"text\":\"-0.19\",\"x\":\"PrimaryStorage\",\"xref\":\"x\",\"y\":\"TypeName\",\"yref\":\"y\"},{\"font\":{\"color\":\"#000000\"},\"showarrow\":false,\"text\":\"0.32\",\"x\":\"SecondaryStorage\",\"xref\":\"x\",\"y\":\"TypeName\",\"yref\":\"y\"},{\"font\":{\"color\":\"#000000\"},\"showarrow\":false,\"text\":\"0.34\",\"x\":\"PrimaryStorageType\",\"xref\":\"x\",\"y\":\"TypeName\",\"yref\":\"y\"},{\"font\":{\"color\":\"#000000\"},\"showarrow\":false,\"text\":\"0.35\",\"x\":\"SecondaryStorageType\",\"xref\":\"x\",\"y\":\"TypeName\",\"yref\":\"y\"},{\"font\":{\"color\":\"#000000\"},\"showarrow\":false,\"text\":\"0.51\",\"x\":\"GPU_model\",\"xref\":\"x\",\"y\":\"TypeName\",\"yref\":\"y\"},{\"font\":{\"color\":\"#000000\"},\"showarrow\":false,\"text\":\"0.13\",\"x\":\"CPU_company_Intel\",\"xref\":\"x\",\"y\":\"TypeName\",\"yref\":\"y\"},{\"font\":{\"color\":\"#FFFFFF\"},\"showarrow\":false,\"text\":\"0.01\",\"x\":\"CPU_company_Samsung\",\"xref\":\"x\",\"y\":\"TypeName\",\"yref\":\"y\"},{\"font\":{\"color\":\"#FFFFFF\"},\"showarrow\":false,\"text\":\"0.01\",\"x\":\"GPU_company_ARM\",\"xref\":\"x\",\"y\":\"TypeName\",\"yref\":\"y\"},{\"font\":{\"color\":\"#FFFFFF\"},\"showarrow\":false,\"text\":\"-0.21\",\"x\":\"GPU_company_Intel\",\"xref\":\"x\",\"y\":\"TypeName\",\"yref\":\"y\"},{\"font\":{\"color\":\"#000000\"},\"showarrow\":false,\"text\":\"0.38\",\"x\":\"GPU_company_Nvidia\",\"xref\":\"x\",\"y\":\"TypeName\",\"yref\":\"y\"},{\"font\":{\"color\":\"#FFFFFF\"},\"showarrow\":false,\"text\":\"0.07\",\"x\":\"Company\",\"xref\":\"x\",\"y\":\"Inches\",\"yref\":\"y\"},{\"font\":{\"color\":\"#FFFFFF\"},\"showarrow\":false,\"text\":\"-0.03\",\"x\":\"TypeName\",\"xref\":\"x\",\"y\":\"Inches\",\"yref\":\"y\"},{\"font\":{\"color\":\"#000000\"},\"showarrow\":false,\"text\":\"1.0\",\"x\":\"Inches\",\"xref\":\"x\",\"y\":\"Inches\",\"yref\":\"y\"},{\"font\":{\"color\":\"#000000\"},\"showarrow\":false,\"text\":\"0.23\",\"x\":\"Ram\",\"xref\":\"x\",\"y\":\"Inches\",\"yref\":\"y\"},{\"font\":{\"color\":\"#FFFFFF\"},\"showarrow\":false,\"text\":\"-0.08\",\"x\":\"OS\",\"xref\":\"x\",\"y\":\"Inches\",\"yref\":\"y\"},{\"font\":{\"color\":\"#000000\"},\"showarrow\":false,\"text\":\"0.83\",\"x\":\"Weight\",\"xref\":\"x\",\"y\":\"Inches\",\"yref\":\"y\"},{\"font\":{\"color\":\"#FFFFFF\"},\"showarrow\":false,\"text\":\"0.07\",\"x\":\"Screen\",\"xref\":\"x\",\"y\":\"Inches\",\"yref\":\"y\"},{\"font\":{\"color\":\"#FFFFFF\"},\"showarrow\":false,\"text\":\"-0.06\",\"x\":\"ScreenW\",\"xref\":\"x\",\"y\":\"Inches\",\"yref\":\"y\"},{\"font\":{\"color\":\"#FFFFFF\"},\"showarrow\":false,\"text\":\"-0.09\",\"x\":\"ScreenH\",\"xref\":\"x\",\"y\":\"Inches\",\"yref\":\"y\"},{\"font\":{\"color\":\"#FFFFFF\"},\"showarrow\":false,\"text\":\"-0.37\",\"x\":\"Touchscreen\",\"xref\":\"x\",\"y\":\"Inches\",\"yref\":\"y\"},{\"font\":{\"color\":\"#FFFFFF\"},\"showarrow\":false,\"text\":\"-0.09\",\"x\":\"IPSpanel\",\"xref\":\"x\",\"y\":\"Inches\",\"yref\":\"y\"},{\"font\":{\"color\":\"#FFFFFF\"},\"showarrow\":false,\"text\":\"-0.14\",\"x\":\"RetinaDisplay\",\"xref\":\"x\",\"y\":\"Inches\",\"yref\":\"y\"},{\"font\":{\"color\":\"#000000\"},\"showarrow\":false,\"text\":\"0.31\",\"x\":\"CPU_freq\",\"xref\":\"x\",\"y\":\"Inches\",\"yref\":\"y\"},{\"font\":{\"color\":\"#000000\"},\"showarrow\":false,\"text\":\"0.2\",\"x\":\"CPU_model\",\"xref\":\"x\",\"y\":\"Inches\",\"yref\":\"y\"},{\"font\":{\"color\":\"#000000\"},\"showarrow\":false,\"text\":\"0.26\",\"x\":\"PrimaryStorage\",\"xref\":\"x\",\"y\":\"Inches\",\"yref\":\"y\"},{\"font\":{\"color\":\"#000000\"},\"showarrow\":false,\"text\":\"0.39\",\"x\":\"SecondaryStorage\",\"xref\":\"x\",\"y\":\"Inches\",\"yref\":\"y\"},{\"font\":{\"color\":\"#FFFFFF\"},\"showarrow\":false,\"text\":\"0.01\",\"x\":\"PrimaryStorageType\",\"xref\":\"x\",\"y\":\"Inches\",\"yref\":\"y\"},{\"font\":{\"color\":\"#000000\"},\"showarrow\":false,\"text\":\"0.39\",\"x\":\"SecondaryStorageType\",\"xref\":\"x\",\"y\":\"Inches\",\"yref\":\"y\"},{\"font\":{\"color\":\"#000000\"},\"showarrow\":false,\"text\":\"0.29\",\"x\":\"GPU_model\",\"xref\":\"x\",\"y\":\"Inches\",\"yref\":\"y\"},{\"font\":{\"color\":\"#FFFFFF\"},\"showarrow\":false,\"text\":\"-0.11\",\"x\":\"CPU_company_Intel\",\"xref\":\"x\",\"y\":\"Inches\",\"yref\":\"y\"},{\"font\":{\"color\":\"#FFFFFF\"},\"showarrow\":false,\"text\":\"-0.05\",\"x\":\"CPU_company_Samsung\",\"xref\":\"x\",\"y\":\"Inches\",\"yref\":\"y\"},{\"font\":{\"color\":\"#FFFFFF\"},\"showarrow\":false,\"text\":\"-0.05\",\"x\":\"GPU_company_ARM\",\"xref\":\"x\",\"y\":\"Inches\",\"yref\":\"y\"},{\"font\":{\"color\":\"#FFFFFF\"},\"showarrow\":false,\"text\":\"-0.59\",\"x\":\"GPU_company_Intel\",\"xref\":\"x\",\"y\":\"Inches\",\"yref\":\"y\"},{\"font\":{\"color\":\"#000000\"},\"showarrow\":false,\"text\":\"0.48\",\"x\":\"GPU_company_Nvidia\",\"xref\":\"x\",\"y\":\"Inches\",\"yref\":\"y\"},{\"font\":{\"color\":\"#000000\"},\"showarrow\":false,\"text\":\"0.26\",\"x\":\"Company\",\"xref\":\"x\",\"y\":\"Ram\",\"yref\":\"y\"},{\"font\":{\"color\":\"#000000\"},\"showarrow\":false,\"text\":\"0.48\",\"x\":\"TypeName\",\"xref\":\"x\",\"y\":\"Ram\",\"yref\":\"y\"},{\"font\":{\"color\":\"#000000\"},\"showarrow\":false,\"text\":\"0.23\",\"x\":\"Inches\",\"xref\":\"x\",\"y\":\"Ram\",\"yref\":\"y\"},{\"font\":{\"color\":\"#000000\"},\"showarrow\":false,\"text\":\"1.0\",\"x\":\"Ram\",\"xref\":\"x\",\"y\":\"Ram\",\"yref\":\"y\"},{\"font\":{\"color\":\"#000000\"},\"showarrow\":false,\"text\":\"0.13\",\"x\":\"OS\",\"xref\":\"x\",\"y\":\"Ram\",\"yref\":\"y\"},{\"font\":{\"color\":\"#000000\"},\"showarrow\":false,\"text\":\"0.39\",\"x\":\"Weight\",\"xref\":\"x\",\"y\":\"Ram\",\"yref\":\"y\"},{\"font\":{\"color\":\"#000000\"},\"showarrow\":false,\"text\":\"0.42\",\"x\":\"Screen\",\"xref\":\"x\",\"y\":\"Ram\",\"yref\":\"y\"},{\"font\":{\"color\":\"#000000\"},\"showarrow\":false,\"text\":\"0.43\",\"x\":\"ScreenW\",\"xref\":\"x\",\"y\":\"Ram\",\"yref\":\"y\"},{\"font\":{\"color\":\"#000000\"},\"showarrow\":false,\"text\":\"0.42\",\"x\":\"ScreenH\",\"xref\":\"x\",\"y\":\"Ram\",\"yref\":\"y\"},{\"font\":{\"color\":\"#FFFFFF\"},\"showarrow\":false,\"text\":\"0.11\",\"x\":\"Touchscreen\",\"xref\":\"x\",\"y\":\"Ram\",\"yref\":\"y\"},{\"font\":{\"color\":\"#000000\"},\"showarrow\":false,\"text\":\"0.2\",\"x\":\"IPSpanel\",\"xref\":\"x\",\"y\":\"Ram\",\"yref\":\"y\"},{\"font\":{\"color\":\"#FFFFFF\"},\"showarrow\":false,\"text\":\"0.03\",\"x\":\"RetinaDisplay\",\"xref\":\"x\",\"y\":\"Ram\",\"yref\":\"y\"},{\"font\":{\"color\":\"#000000\"},\"showarrow\":false,\"text\":\"0.36\",\"x\":\"CPU_freq\",\"xref\":\"x\",\"y\":\"Ram\",\"yref\":\"y\"},{\"font\":{\"color\":\"#000000\"},\"showarrow\":false,\"text\":\"0.61\",\"x\":\"CPU_model\",\"xref\":\"x\",\"y\":\"Ram\",\"yref\":\"y\"},{\"font\":{\"color\":\"#FFFFFF\"},\"showarrow\":false,\"text\":\"0.0\",\"x\":\"PrimaryStorage\",\"xref\":\"x\",\"y\":\"Ram\",\"yref\":\"y\"},{\"font\":{\"color\":\"#000000\"},\"showarrow\":false,\"text\":\"0.39\",\"x\":\"SecondaryStorage\",\"xref\":\"x\",\"y\":\"Ram\",\"yref\":\"y\"},{\"font\":{\"color\":\"#000000\"},\"showarrow\":false,\"text\":\"0.4\",\"x\":\"PrimaryStorageType\",\"xref\":\"x\",\"y\":\"Ram\",\"yref\":\"y\"},{\"font\":{\"color\":\"#000000\"},\"showarrow\":false,\"text\":\"0.41\",\"x\":\"SecondaryStorageType\",\"xref\":\"x\",\"y\":\"Ram\",\"yref\":\"y\"},{\"font\":{\"color\":\"#000000\"},\"showarrow\":false,\"text\":\"0.57\",\"x\":\"GPU_model\",\"xref\":\"x\",\"y\":\"Ram\",\"yref\":\"y\"},{\"font\":{\"color\":\"#FFFFFF\"},\"showarrow\":false,\"text\":\"0.11\",\"x\":\"CPU_company_Intel\",\"xref\":\"x\",\"y\":\"Ram\",\"yref\":\"y\"},{\"font\":{\"color\":\"#FFFFFF\"},\"showarrow\":false,\"text\":\"-0.02\",\"x\":\"CPU_company_Samsung\",\"xref\":\"x\",\"y\":\"Ram\",\"yref\":\"y\"},{\"font\":{\"color\":\"#FFFFFF\"},\"showarrow\":false,\"text\":\"-0.02\",\"x\":\"GPU_company_ARM\",\"xref\":\"x\",\"y\":\"Ram\",\"yref\":\"y\"},{\"font\":{\"color\":\"#FFFFFF\"},\"showarrow\":false,\"text\":\"-0.32\",\"x\":\"GPU_company_Intel\",\"xref\":\"x\",\"y\":\"Ram\",\"yref\":\"y\"},{\"font\":{\"color\":\"#000000\"},\"showarrow\":false,\"text\":\"0.41\",\"x\":\"GPU_company_Nvidia\",\"xref\":\"x\",\"y\":\"Ram\",\"yref\":\"y\"},{\"font\":{\"color\":\"#FFFFFF\"},\"showarrow\":false,\"text\":\"0.12\",\"x\":\"Company\",\"xref\":\"x\",\"y\":\"OS\",\"yref\":\"y\"},{\"font\":{\"color\":\"#000000\"},\"showarrow\":false,\"text\":\"0.19\",\"x\":\"TypeName\",\"xref\":\"x\",\"y\":\"OS\",\"yref\":\"y\"},{\"font\":{\"color\":\"#FFFFFF\"},\"showarrow\":false,\"text\":\"-0.08\",\"x\":\"Inches\",\"xref\":\"x\",\"y\":\"OS\",\"yref\":\"y\"},{\"font\":{\"color\":\"#000000\"},\"showarrow\":false,\"text\":\"0.13\",\"x\":\"Ram\",\"xref\":\"x\",\"y\":\"OS\",\"yref\":\"y\"},{\"font\":{\"color\":\"#000000\"},\"showarrow\":false,\"text\":\"1.0\",\"x\":\"OS\",\"xref\":\"x\",\"y\":\"OS\",\"yref\":\"y\"},{\"font\":{\"color\":\"#FFFFFF\"},\"showarrow\":false,\"text\":\"-0.05\",\"x\":\"Weight\",\"xref\":\"x\",\"y\":\"OS\",\"yref\":\"y\"},{\"font\":{\"color\":\"#000000\"},\"showarrow\":false,\"text\":\"0.14\",\"x\":\"Screen\",\"xref\":\"x\",\"y\":\"OS\",\"yref\":\"y\"},{\"font\":{\"color\":\"#000000\"},\"showarrow\":false,\"text\":\"0.15\",\"x\":\"ScreenW\",\"xref\":\"x\",\"y\":\"OS\",\"yref\":\"y\"},{\"font\":{\"color\":\"#000000\"},\"showarrow\":false,\"text\":\"0.15\",\"x\":\"ScreenH\",\"xref\":\"x\",\"y\":\"OS\",\"yref\":\"y\"},{\"font\":{\"color\":\"#FFFFFF\"},\"showarrow\":false,\"text\":\"0.04\",\"x\":\"Touchscreen\",\"xref\":\"x\",\"y\":\"OS\",\"yref\":\"y\"},{\"font\":{\"color\":\"#FFFFFF\"},\"showarrow\":false,\"text\":\"0.08\",\"x\":\"IPSpanel\",\"xref\":\"x\",\"y\":\"OS\",\"yref\":\"y\"},{\"font\":{\"color\":\"#FFFFFF\"},\"showarrow\":false,\"text\":\"0.08\",\"x\":\"RetinaDisplay\",\"xref\":\"x\",\"y\":\"OS\",\"yref\":\"y\"},{\"font\":{\"color\":\"#000000\"},\"showarrow\":false,\"text\":\"0.15\",\"x\":\"CPU_freq\",\"xref\":\"x\",\"y\":\"OS\",\"yref\":\"y\"},{\"font\":{\"color\":\"#000000\"},\"showarrow\":false,\"text\":\"0.2\",\"x\":\"CPU_model\",\"xref\":\"x\",\"y\":\"OS\",\"yref\":\"y\"},{\"font\":{\"color\":\"#FFFFFF\"},\"showarrow\":false,\"text\":\"-0.15\",\"x\":\"PrimaryStorage\",\"xref\":\"x\",\"y\":\"OS\",\"yref\":\"y\"},{\"font\":{\"color\":\"#FFFFFF\"},\"showarrow\":false,\"text\":\"0.03\",\"x\":\"SecondaryStorage\",\"xref\":\"x\",\"y\":\"OS\",\"yref\":\"y\"},{\"font\":{\"color\":\"#000000\"},\"showarrow\":false,\"text\":\"0.23\",\"x\":\"PrimaryStorageType\",\"xref\":\"x\",\"y\":\"OS\",\"yref\":\"y\"},{\"font\":{\"color\":\"#FFFFFF\"},\"showarrow\":false,\"text\":\"0.04\",\"x\":\"SecondaryStorageType\",\"xref\":\"x\",\"y\":\"OS\",\"yref\":\"y\"},{\"font\":{\"color\":\"#000000\"},\"showarrow\":false,\"text\":\"0.16\",\"x\":\"GPU_model\",\"xref\":\"x\",\"y\":\"OS\",\"yref\":\"y\"},{\"font\":{\"color\":\"#FFFFFF\"},\"showarrow\":false,\"text\":\"-0.01\",\"x\":\"CPU_company_Intel\",\"xref\":\"x\",\"y\":\"OS\",\"yref\":\"y\"},{\"font\":{\"color\":\"#FFFFFF\"},\"showarrow\":false,\"text\":\"-0.05\",\"x\":\"CPU_company_Samsung\",\"xref\":\"x\",\"y\":\"OS\",\"yref\":\"y\"},{\"font\":{\"color\":\"#FFFFFF\"},\"showarrow\":false,\"text\":\"-0.05\",\"x\":\"GPU_company_ARM\",\"xref\":\"x\",\"y\":\"OS\",\"yref\":\"y\"},{\"font\":{\"color\":\"#FFFFFF\"},\"showarrow\":false,\"text\":\"0.03\",\"x\":\"GPU_company_Intel\",\"xref\":\"x\",\"y\":\"OS\",\"yref\":\"y\"},{\"font\":{\"color\":\"#FFFFFF\"},\"showarrow\":false,\"text\":\"0.01\",\"x\":\"GPU_company_Nvidia\",\"xref\":\"x\",\"y\":\"OS\",\"yref\":\"y\"},{\"font\":{\"color\":\"#FFFFFF\"},\"showarrow\":false,\"text\":\"0.05\",\"x\":\"Company\",\"xref\":\"x\",\"y\":\"Weight\",\"yref\":\"y\"},{\"font\":{\"color\":\"#000000\"},\"showarrow\":false,\"text\":\"0.15\",\"x\":\"TypeName\",\"xref\":\"x\",\"y\":\"Weight\",\"yref\":\"y\"},{\"font\":{\"color\":\"#000000\"},\"showarrow\":false,\"text\":\"0.83\",\"x\":\"Inches\",\"xref\":\"x\",\"y\":\"Weight\",\"yref\":\"y\"},{\"font\":{\"color\":\"#000000\"},\"showarrow\":false,\"text\":\"0.39\",\"x\":\"Ram\",\"xref\":\"x\",\"y\":\"Weight\",\"yref\":\"y\"},{\"font\":{\"color\":\"#FFFFFF\"},\"showarrow\":false,\"text\":\"-0.05\",\"x\":\"OS\",\"xref\":\"x\",\"y\":\"Weight\",\"yref\":\"y\"},{\"font\":{\"color\":\"#000000\"},\"showarrow\":false,\"text\":\"1.0\",\"x\":\"Weight\",\"xref\":\"x\",\"y\":\"Weight\",\"yref\":\"y\"},{\"font\":{\"color\":\"#FFFFFF\"},\"showarrow\":false,\"text\":\"0.1\",\"x\":\"Screen\",\"xref\":\"x\",\"y\":\"Weight\",\"yref\":\"y\"},{\"font\":{\"color\":\"#FFFFFF\"},\"showarrow\":false,\"text\":\"-0.01\",\"x\":\"ScreenW\",\"xref\":\"x\",\"y\":\"Weight\",\"yref\":\"y\"},{\"font\":{\"color\":\"#FFFFFF\"},\"showarrow\":false,\"text\":\"-0.04\",\"x\":\"ScreenH\",\"xref\":\"x\",\"y\":\"Weight\",\"yref\":\"y\"},{\"font\":{\"color\":\"#FFFFFF\"},\"showarrow\":false,\"text\":\"-0.31\",\"x\":\"Touchscreen\",\"xref\":\"x\",\"y\":\"Weight\",\"yref\":\"y\"},{\"font\":{\"color\":\"#FFFFFF\"},\"showarrow\":false,\"text\":\"0.04\",\"x\":\"IPSpanel\",\"xref\":\"x\",\"y\":\"Weight\",\"yref\":\"y\"},{\"font\":{\"color\":\"#FFFFFF\"},\"showarrow\":false,\"text\":\"-0.13\",\"x\":\"RetinaDisplay\",\"xref\":\"x\",\"y\":\"Weight\",\"yref\":\"y\"},{\"font\":{\"color\":\"#000000\"},\"showarrow\":false,\"text\":\"0.32\",\"x\":\"CPU_freq\",\"xref\":\"x\",\"y\":\"Weight\",\"yref\":\"y\"},{\"font\":{\"color\":\"#000000\"},\"showarrow\":false,\"text\":\"0.33\",\"x\":\"CPU_model\",\"xref\":\"x\",\"y\":\"Weight\",\"yref\":\"y\"},{\"font\":{\"color\":\"#000000\"},\"showarrow\":false,\"text\":\"0.17\",\"x\":\"PrimaryStorage\",\"xref\":\"x\",\"y\":\"Weight\",\"yref\":\"y\"},{\"font\":{\"color\":\"#000000\"},\"showarrow\":false,\"text\":\"0.48\",\"x\":\"SecondaryStorage\",\"xref\":\"x\",\"y\":\"Weight\",\"yref\":\"y\"},{\"font\":{\"color\":\"#FFFFFF\"},\"showarrow\":false,\"text\":\"0.03\",\"x\":\"PrimaryStorageType\",\"xref\":\"x\",\"y\":\"Weight\",\"yref\":\"y\"},{\"font\":{\"color\":\"#000000\"},\"showarrow\":false,\"text\":\"0.51\",\"x\":\"SecondaryStorageType\",\"xref\":\"x\",\"y\":\"Weight\",\"yref\":\"y\"},{\"font\":{\"color\":\"#000000\"},\"showarrow\":false,\"text\":\"0.44\",\"x\":\"GPU_model\",\"xref\":\"x\",\"y\":\"Weight\",\"yref\":\"y\"},{\"font\":{\"color\":\"#FFFFFF\"},\"showarrow\":false,\"text\":\"-0.05\",\"x\":\"CPU_company_Intel\",\"xref\":\"x\",\"y\":\"Weight\",\"yref\":\"y\"},{\"font\":{\"color\":\"#FFFFFF\"},\"showarrow\":false,\"text\":\"-0.03\",\"x\":\"CPU_company_Samsung\",\"xref\":\"x\",\"y\":\"Weight\",\"yref\":\"y\"},{\"font\":{\"color\":\"#FFFFFF\"},\"showarrow\":false,\"text\":\"-0.03\",\"x\":\"GPU_company_ARM\",\"xref\":\"x\",\"y\":\"Weight\",\"yref\":\"y\"},{\"font\":{\"color\":\"#FFFFFF\"},\"showarrow\":false,\"text\":\"-0.6\",\"x\":\"GPU_company_Intel\",\"xref\":\"x\",\"y\":\"Weight\",\"yref\":\"y\"},{\"font\":{\"color\":\"#000000\"},\"showarrow\":false,\"text\":\"0.57\",\"x\":\"GPU_company_Nvidia\",\"xref\":\"x\",\"y\":\"Weight\",\"yref\":\"y\"},{\"font\":{\"color\":\"#000000\"},\"showarrow\":false,\"text\":\"0.15\",\"x\":\"Company\",\"xref\":\"x\",\"y\":\"Screen\",\"yref\":\"y\"},{\"font\":{\"color\":\"#000000\"},\"showarrow\":false,\"text\":\"0.3\",\"x\":\"TypeName\",\"xref\":\"x\",\"y\":\"Screen\",\"yref\":\"y\"},{\"font\":{\"color\":\"#FFFFFF\"},\"showarrow\":false,\"text\":\"0.07\",\"x\":\"Inches\",\"xref\":\"x\",\"y\":\"Screen\",\"yref\":\"y\"},{\"font\":{\"color\":\"#000000\"},\"showarrow\":false,\"text\":\"0.42\",\"x\":\"Ram\",\"xref\":\"x\",\"y\":\"Screen\",\"yref\":\"y\"},{\"font\":{\"color\":\"#000000\"},\"showarrow\":false,\"text\":\"0.14\",\"x\":\"OS\",\"xref\":\"x\",\"y\":\"Screen\",\"yref\":\"y\"},{\"font\":{\"color\":\"#FFFFFF\"},\"showarrow\":false,\"text\":\"0.1\",\"x\":\"Weight\",\"xref\":\"x\",\"y\":\"Screen\",\"yref\":\"y\"},{\"font\":{\"color\":\"#000000\"},\"showarrow\":false,\"text\":\"1.0\",\"x\":\"Screen\",\"xref\":\"x\",\"y\":\"Screen\",\"yref\":\"y\"},{\"font\":{\"color\":\"#000000\"},\"showarrow\":false,\"text\":\"0.85\",\"x\":\"ScreenW\",\"xref\":\"x\",\"y\":\"Screen\",\"yref\":\"y\"},{\"font\":{\"color\":\"#000000\"},\"showarrow\":false,\"text\":\"0.81\",\"x\":\"ScreenH\",\"xref\":\"x\",\"y\":\"Screen\",\"yref\":\"y\"},{\"font\":{\"color\":\"#000000\"},\"showarrow\":false,\"text\":\"0.21\",\"x\":\"Touchscreen\",\"xref\":\"x\",\"y\":\"Screen\",\"yref\":\"y\"},{\"font\":{\"color\":\"#000000\"},\"showarrow\":false,\"text\":\"0.27\",\"x\":\"IPSpanel\",\"xref\":\"x\",\"y\":\"Screen\",\"yref\":\"y\"},{\"font\":{\"color\":\"#FFFFFF\"},\"showarrow\":false,\"text\":\"-0.14\",\"x\":\"RetinaDisplay\",\"xref\":\"x\",\"y\":\"Screen\",\"yref\":\"y\"},{\"font\":{\"color\":\"#000000\"},\"showarrow\":false,\"text\":\"0.25\",\"x\":\"CPU_freq\",\"xref\":\"x\",\"y\":\"Screen\",\"yref\":\"y\"},{\"font\":{\"color\":\"#000000\"},\"showarrow\":false,\"text\":\"0.44\",\"x\":\"CPU_model\",\"xref\":\"x\",\"y\":\"Screen\",\"yref\":\"y\"},{\"font\":{\"color\":\"#FFFFFF\"},\"showarrow\":false,\"text\":\"-0.09\",\"x\":\"PrimaryStorage\",\"xref\":\"x\",\"y\":\"Screen\",\"yref\":\"y\"},{\"font\":{\"color\":\"#000000\"},\"showarrow\":false,\"text\":\"0.22\",\"x\":\"SecondaryStorage\",\"xref\":\"x\",\"y\":\"Screen\",\"yref\":\"y\"},{\"font\":{\"color\":\"#000000\"},\"showarrow\":false,\"text\":\"0.43\",\"x\":\"PrimaryStorageType\",\"xref\":\"x\",\"y\":\